length - 26, capacity 40
dataset 1:
sizes = {3, 1, 6, 10, 1, 4, 9, 1, 7, 2, 6, 1, 6, 2, 2, 4, 8, 1, 7, 3, 6, 2, 9, 5, 3, 3} 
vals =  {7, 4, 9, 18, 9, 15,4, 2, 6, 13,18,12,12,16,19,19,10,16,14,3, 14,4, 15,7, 5, 10} 

dataset 2:
sizes = {5, 3, 4, 4, 5, 9, 8, 4, 4, 9, 1, 10, 1, 10, 8, 1, 10, 9, 2, 1, 9, 8, 9, 6, 10, 9} 
vals = {15, 2, 15,18,20,14,12,5, 2, 7, 8, 20, 15,12, 18,12, 4, 9, 1, 19,13,1, 8, 13, 2, 19} 

dataset 3:
sizes = {1,10,1, 5, 8, 7, 1, 2, 8, 6, 1, 8, 6, 9, 6, 8, 4, 6, 5, 2, 4, 3, 5, 6, 5, 6} 
vals = {12,14,15,16,15,20,10,10,14,5, 18,8, 12,2, 14,18,20,5, 18,6, 14,5, 1, 11,12, 13} 

dataset 4:
sizes = {6, 1, 4, 10, 2, 7,  9,  8,  8, 8, 8,  7,   10, 8, 2, 5,  8, 4, 2,  4,  6, 7,  7,  2, 7, 10} 
vals = {5, 18, 8, 19, 3, 17, 18, 14, 2, 7, 13, 10, 18, 3, 13, 13, 8, 3, 15, 13, 2, 18, 16, 5, 1, 15} 

dataset 5:
sizes = {2, 6, 10, 7, 5, 2,  4, 1, 2, 9,  7, 9, 6, 4,   1, 6, 9, 9,   5, 4, 7, 2,  3, 8, 1, 7} 
vals = {6, 8, 16, 12, 6, 17, 9, 20, 4, 4, 4, 12, 4, 15, 7, 19, 13, 9, 18, 6, 8, 1, 15, 7, 17, 10} 

dataset 6:
sizes = {5, 7, 1, 8,   10, 3, 8, 1,  9, 10, 6, 2,7, 10, 3, 9, 2, 1, 2,  3,  8, 8, 4,  7, 4, 8} 
vals = {20, 4, 12, 10, 12, 8, 18, 9, 7, 2, 1, 2, 1, 8,  7, 2, 1, 6, 12, 16, 10, 3, 4, 15, 4, 6} 

dataset 7:
sizes = {3, 10, 10, 1, 6, 5, 5, 4,  2, 7, 9, 9,  8, 2,    1, 5, 4, 1,   9, 8, 2, 8,  7, 3, 10, 7} 
vals =  {7, 7, 16, 11, 6, 3, 1, 15, 3, 8, 3, 13, 11, 15, 8, 13, 2, 12, 14, 1, 2, 18, 9, 8, 19, 5} 

dataset 8:
sizes = {3, 2, 10, 5, 1, 2,   8, 3, 4, 6,   4, 3, 8, 2,    3, 4, 6, 4,   8,  9,  1,  2, 6, 10, 6, 4} 
vals = {13, 3, 3, 11, 1, 19, 18, 18, 2, 2, 15, 12, 9, 19, 20, 15, 3, 18, 20, 11, 14, 7, 3, 17, 11, 3} 

dataset 9:
sizes = {1, 1, 6, 10,   3, 4, 8,   9, 3, 3,   4, 8, 7, 10, 6, 1, 8, 6, 6, 10, 1, 8,   7, 3,  4, 5} 
vals = {18, 18, 5, 10, 11, 9, 11, 17, 12, 13, 3, 1, 7, 7,  2, 6, 2, 6, 1, 7,  4, 15, 18, 18, 14, 8} 

dataset 10:
sizes = {4, 3, 10, 7, 7, 9,   6, 3, 4, 6, 1,  6, 7, 9,  1, 3,  4, 10, 5, 4, 2,  7, 4, 6, 9, 4} 
vals =  {9, 4, 1, 9, 17, 19, 19, 6, 8, 4, 16, 3, 4, 14, 7, 12, 20, 4, 8, 7, 15, 9, 5, 2, 11, 4} 

dataset 11:
sizes = {9, 2, 3, 1, 8, 9, 4, 8, 8, 6,  10, 4, 10,  9, 2, 2, 8,  10, 7, 1, 7, 9, 8,  6, 3, 6} 
vals = {3, 12, 6, 8, 5, 7, 2, 2, 1, 15, 20, 16, 12, 8, 2, 3, 12, 11, 2, 1, 8, 6, 11, 3, 7, 19} 

dataset 12:
sizes = {2, 10, 8, 6, 2, 7,  6, 7, 8, 3, 4,   8, 6,  1, 9,  1, 8, 2,  6, 1,  10, 3,  7,  3, 5, 10} 
vals = {17, 2, 14, 8, 5, 10, 5, 7, 7, 7, 12, 17, 13, 6, 11, 1, 1, 19, 5, 11, 13, 11, 11, 7, 19, 14} 

dataset 13:
sizes = {3, 3, 9, 5, 10, 5,  5, 2,  4, 2,   5, 1, 4,   6, 6,   9, 8,  10, 4,  7, 8,   8, 1, 1, 9, 8} 
vals = {3, 9, 9, 19, 10, 11, 7, 14, 18, 1, 20, 9, 18, 20, 10, 13, 18, 16, 2, 18, 10, 12, 6, 4, 16, 5} 

dataset 14:
sizes = {4, 5, 5,  3, 10, 2,  2, 8,  6, 10, 10, 10, 5, 4, 10, 3, 1, 2,  2,   1, 6,   1, 3, 6, 6,  1} 
vals = {8, 20, 18, 16, 9, 11, 7, 18, 2, 6,  15, 9,  8, 1, 16, 4, 7, 10, 11, 14, 19, 18, 3, 4, 16, 20} 

dataset 15:
sizes = {8, 7,  3, 2,  5, 3, 2, 10, 8, 9,   9, 9,  8, 2,  9, 6, 10, 7, 10, 9, 1,  8, 6,  8, 10, 9} 
vals = {12, 13, 1, 15, 8, 3, 2, 14, 3, 12, 16, 5, 19, 16, 7, 8, 8, 17, 7, 17, 17, 1, 15, 3, 16, 3} 

